442 769
465 769
485 769
507 772
530 772
442 810
465 808
485 810
509 810
530 810
442 850
463 850
485 850
507 850
531 851
443 889
462 889
486 889
508 889
529 889
443 926
462 924
486 929
506 925
530 927
586 768
608 768
629 768
651 768
672 768
729 770
752 769
773 768
796 768
817 768
872 769
894 769
917 768
937 767
960 767
1014 769
1036 768
1057 769
1080 768
1102 767
1156 768
1176 768
1198 768
1221 765
1241 768
586 808
607 810
631 810
653 810
674 811
728 810
751 810
773 808
794 808
817 807
872 808
893 808
915 808
938 810
959 808
1015 810
1036 806
1057 807
1079 807
1101 807
1156 807
1178 808
1199 808
1220 807
1242 807
1242 848
1222 848
1200 848
1177 848
1156 848
1102 848
1081 848
1058 849
1035 849
1014 849
960 849
938 848
914 846
893 848
872 848
819 846
795 846
795 846
770 845
751 849
728 849
675 848
652 848
629 848
608 848
587 848
587 888
607 889
630 889
651 889
674 889
587 925
608 924
632 926
652 926
674 927
728 888
728 924
751 889
751 926
774 888
773 924
795 891
796 925
818 889
818 924
871 887
872 925
894 925
893 888
917 888
917 925
937 925
939 891
960 889
960 926
1011 887
1038 888
1057 888
1079 888
1102 887
1157 887
1175 887
1197 887
1220 887
1242 891
1156 923
1177 923
1197 923
1219 924
1243 924
1012 924
1037 924
1058 923
1079 923
1101 923
1440 769
1463 767
1486 768
1506 768
1528 769
1441 806
1462 808
1485 810
1505 810
1528 808
1442 850
1463 850
1486 849
1507 849
1530 848
1441 889
1462 889
1484 888
1506 891
1529 887
1441 924
1462 924
1484 924
1507 923
1528 924
1583 767
1604 768
1628 768
1651 768
1671 765
1583 808
1605 808
1627 808
1649 806
1671 806
1583 848
1606 848
1626 845
1650 846
1671 845
1583 887
1604 887
1627 886
1649 884
1671 884
1583 925
1606 924
1626 923
1649 923
1670 923
1880 770
1901 769
1925 768
1945 768
1970 769
1879 807
1902 807
1923 808
1947 810
1970 810
1879 849
1903 849
1923 849
1947 849
1969 849
1878 889
1901 888
1925 888
1947 887
1970 887
1878 926
1899 926
1923 926
1946 925
1969 925
1850 925
