409 757
553 757
697 757
839 755
982 754
1125 752


411 955
555 954
698 953
841 952
983 951
1125 950


412 1156
556 1156
699 1155
842 1153
984 1152
1126 1151


413 1358
557 1358
700 1356
844 1355
985 1354
1128 1352


415 1558
558 1557
702 1556
845 1555
987 1554
1129 1552


416 1762
560 1760
704 1759
846 1758
988 1757
1130 1755


418 1964
562 1963
705 1962
848 1960
990 1959
1132 1958


419 2164
564 2163
706 2162
850 2160
991 2158
1133 2158


421 2367
565 2366
708 2365
852 2364
994 2362
1136 2362
