bcg
409 757
553 757
697 757
839 755
982 754
1125 752

1406 751
1548 750

1842 747


polio primario
411 955
555 954
698 953
841 952
983 951
1125 950

1843 944


polio 1a dose
412 1156
556 1156
699 1155
842 1153
984 1152
1126 1151

1408 1149
1550 1148

1844 1145


polio 2a dose
413 1358
557 1358
700 1356
844 1355
985 1354
1128 1352

1409 1350
1552 1349

1845 1346


polio 3a dose
415 1558
558 1557
702 1556
845 1555
987 1554
1129 1552

1410 1550
1553 1549

1846 1545


dpt hb 1a dose
416 1762
560 1760
704 1759
846 1758
988 1757
1130 1755

1412 1753
1554 1752

1848 1748


dpt hb 2a dose
418 1964
562 1963
705 1962
848 1960
990 1959
1132 1958

1413 1955
1556 1954

1850 1950


dpt hb 3a dose
419 2164
564 2163
706 2162
850 2160
991 2158
1133 2158

1415 2155
1558 2154

1851 2150


sarampo
421 2367
565 2366
708 2365
852 2364
994 2362
1136 2362

1418 2359
1560 2358

1854 2355


femininos
424 2713
568 2712
710 2711
855 2711
996 2708


masculinos
1278 2706
1420 2704
1562 2704
1705 2701
1856 2699